L: -42.714564244310154
Q: 0.01220961466456119
Tsurf: 290.24339411172895
ustar: 0.19211719615896103
wstar: 0.3853172476389698
zi: 137.6268551123772
